0000010 0
0000011 0
0001000 0
0001001 0
0001000 0
0001001 0
0001000 0
0001001 0
0001000 0
0001001 0
0001000 0
0001001 0
0001000 0
0001001 0
0001000 0
0001001 0
0001000 0
0001001 0
0001000 0
0001001 0
0001000 0
0001001 0
0001100 0
0001101 0
0001100 0
0001101 0
0001100 0
0001101 0
0001100 0
0001101 0
0001100 0
0001101 0
0000100 0
0000101 0
0011000 0
0011001 0
1001100 0
1001101 0
0011000 0
0011001 0
0111100 0
0111101 0
0101000 0
0101001 0
0101000 0
0101001 0
0101100 0
0101101 0
0101100 0
0101101 0
0101100 0
0101101 0
0110000 0
0110001 0
0110000 0
0110001 0
0110000 0
0110001 0
1011000 0
1011001 0
0111100 0
0111101 0
0111100 0
0111101 0
0111100 0
0111101 0
0111100 0
0111101 0
0111100 0
0111101 0
0111100 0
0111101 0
0111100 0
0111101 0
0111100 0
0111101 0
0100100 0
0100101 0
0101000 0
0101001 0
0101100 0
0101101 0
0110000 0
0110001 0
0010000 1
0010001 0
0111000 0
0111001 0
0111000 0
0111001 0
0111000 0
0111001 0
0111000 0
0111001 0
0111000 0
0111001 0
0111000 0
0111001 0
0111000 0
0111001 0
0111000 0
0111001 0
0111000 0
0111001 0
