00000000 00000000000
00000001 00000000001
00000010 00000000010
00000011 00000000011
00000100 00000000100
00000101 00000000101
00000110 00000000110
00000111 00000000111
00001000 00000001000
00001001 00000001001
00001010 00000001010
00001011 00000001011
00001100 00000001100
00001101 00000001101
00001110 00000001110
00001111 00000001111
00010000 00000010000
00010001 00000010001
00010010 00000010010
00010011 00000010011
00010100 00000010100
00010101 00000010101
00010110 00000010110
00010111 00000010111
00011000 00000011000
00011001 00000011001
00011010 00000011010
00011011 00000011011
00011100 00000011100
00011101 00000011101
00011110 00000011110
00011111 00000011111
00100000 00000100000
00100001 00000100001
00100010 00000100010
00100011 00000100011
00100100 00000100100
00100101 00000100101
00100110 00000100110
00100111 00000100111
00101000 00000101000
00101001 00000101001
00101010 00000101010
00101011 00000101011
00101100 00000101100
00101101 00000101101
00101110 00000101110
00101111 00000101111
00110000 00000110000
00110001 00000110001
00110010 00001000000
00110011 00001000001
00110100 00001000010
00110101 00001000011
00110110 00001000100
00110111 00001000101
00111000 00001000110
00111001 00001000111
00111010 00001001000
00111011 00001001001
00111100 00001001010
00111101 00001001011
00111110 00001001100
00111111 00001001101
01000000 00001001110
01000001 00001001111
01000010 00001010000
01000011 00001010001
01000100 00001010010
01000101 00001010011
01000110 00001010100
01000111 00001010101
01001000 00001010110
01001001 00001010111
01001010 00001011000
01001011 00001011001
01001100 00001011010
01001101 00001011011
01001110 00001011100
01001111 00001011101
01010000 00001011110
01010001 00001011111
01010010 00001100000
01010011 00001100001
01010100 00001100010
01010101 00001100011
01010110 00001100100
01010111 00001100101
01011000 00001100110
01011001 00001100111
01011010 00001101000
01011011 00001101001
01011100 00001101010
01011101 00001101011
01011110 00001101100
01011111 00001101101
01100000 00001101110
01100001 00001101111
01100010 00001110000
01100011 00001110001
01100100 00010000000
01100101 00010000001
01100110 00010000010
01100111 00010000011
01101000 00010000100
01101001 00010000101
01101010 00010000110
01101011 00010000111
01101100 00010001000
01101101 00010001001
01101110 00010001010
01101111 00010001011
01110000 00010001100
01110001 00010001101
01110010 00010001110
01110011 00010001111
01110100 00010010000
01110101 00010010001
01110110 00010010010
01110111 00010010011
01111000 00010010100
01111001 00010010101
01111010 00010010110
01111011 00010010111
01111100 00010011000
01111101 00010011001
01111110 00010011010
01111111 00010011011
10000000 00010011100
10000001 00010011101
10000010 00010011110
10000011 00010011111
10000100 00010100000
10000101 00010100001
10000110 00010100010
10000111 00010100011
10001000 00010100100
10001001 00010100101
10001010 00010100110
10001011 00010100111
10001100 00010101000
10001101 00010101001
10001110 00010101010
10001111 00010101011
10010000 00010101100
10010001 00010101101
10010010 00010101110
10010011 00010101111
10010100 00010110000
10010101 00010110001
10010110 00011000000
10010111 00011000001
10011000 00011000010
10011001 00011000011
10011010 00011000100
10011011 00011000101
10011100 00011000110
10011101 00011000111
10011110 00011001000
10011111 00011001001
10100000 00011001010
10100001 00011001011
10100010 00011001100
10100011 00011001101
10100100 00011001110
10100101 00011001111
10100110 00011010000
10100111 00011010001
10101000 00011010010
10101001 00011010011
10101010 00011010100
10101011 00011010101
10101100 00011010110
10101101 00011010111
10101110 00011011000
10101111 00011011001
10110000 00011011010
10110001 00011011011
10110010 00011011100
10110011 00011011101
10110100 00011011110
10110101 00011011111
10110110 00011100000
10110111 00011100001
10111000 00011100010
10111001 00011100011
10111010 00011100100
10111011 00011100101
10111100 00011100110
10111101 00011100111
10111110 00011101000
10111111 00011101001
11000000 00011101010
11000001 00011101011
11000010 00011101100
11000011 00011101101
11000100 00011101110
11000101 00011101111
11000110 00011110000
11000111 00011110001
11001000 00100000000
11001001 00100000001
11001010 00100000010
11001011 00100000011
11001100 00100000100
11001101 00100000101
11001110 00100000110
11001111 00100000111
11010000 00100001000
11010001 00100001001
11010010 00100001010
11010011 00100001011
11010100 00100001100
11010101 00100001101
11010110 00100001110
11010111 00100001111
11011000 00100010000
11011001 00100010001
11011010 00100010010
11011011 00100010011
11011100 00100010100
11011101 00100010101
11011110 00100010110
11011111 00100010111
11100000 00100011000
11100001 00100011001
11100010 00100011010
11100011 00100011011
11100100 00100011100
11100101 00100011101
11100110 00100011110
11100111 00100011111
11101000 00100100000
11101001 00100100001
11101010 00100100010
11101011 00100100011
11101100 00100100100
11101101 00100100101
11101110 00100100110
11101111 00100100111
11110000 00100101000
11110001 00100101001
11110010 00100101010
11110011 00100101011
11110100 00100101100
11110101 00100101101
11110110 00100101110
11110111 00100101111
11111000 00100110000
11111001 00100110001
11111010 00101000000
11111011 00101000001
11111100 00101000010
11111101 00101000011
11111110 00101000100
11111111 00101000101
