0000 0
0000 0
0001 1
0001 1
0001 1
0001 1
0001 1
0001 1
0001 1
0001 1
0001 1
0001 1
0001 1
0001 1
0001 1
0001 1
0001 1
0001 1
0001 1
0001 1
0001 1
0001 1
0001 1
0001 1
0001 1
0001 1
0001 1
0001 1
0001 1
0001 1
0001 1
0001 1
0000 1
0000 1
0011 0
0011 0
1001 1
1001 1
0011 0
0011 0
0111 1
0111 1
0101 0
0101 0
0101 0
0101 0
0101 0
0101 0
0101 0
0101 0
0101 0
0101 0
0110 1
0110 1
0110 1
0110 1
0110 1
0110 1
1011 1
1011 1
0111 0
0111 0
0111 0
0111 0
0111 0
0111 0
0111 0
0111 0
0111 0
0111 0
0111 0
0111 0
0111 0
0111 0
0111 0
0111 0
0100 1
0100 1
0101 1
0101 1
0101 1
0101 1
0110 0
0110 0
0010 1
0010 1
0111 0
0111 0
0111 0
0111 0
0111 0
0111 0
0111 0
0111 0
0111 0
0111 0
0111 0
0111 0
0111 0
0111 0
0111 0
0111 0
0111 0
0111 0
