0000010 0 0
0000011 0 0
0001000 0 1
0001001 0 1
0001000 0 1
0001001 0 1
0001000 0 1
0001001 0 1
0001000 0 1
0001001 0 1
0001000 0 1
0001001 0 1
0001000 0 1
0001001 0 1
0001000 0 1
0001001 0 1
0001000 0 1
0001001 0 1
0001000 0 1
0001001 0 1
0001000 0 1
0001001 0 1
0001100 0 1
0001101 0 1
0001100 0 1
0001101 0 1
0001100 0 1
0001101 0 1
0001100 0 1
0001101 0 1
0001100 0 1
0001101 0 1
0000100 0 1
0000101 0 1
0011000 0 1
0011001 0 1
1001100 0 1
1001101 0 1
0011000 0 1
0011001 0 1
0111100 0 1
0111101 0 1
0101000 0 1
0101001 0 1
0101000 0 1
0101001 0 1
0101100 0 1
0101101 0 1
0101100 0 1
0101101 0 1
0101100 0 1
0101101 0 1
0110000 0 1
0110001 0 1
0110000 0 1
0110001 0 1
0110000 0 1
0110001 0 1
1011000 0 1
1011001 0 1
0111100 0 1
0111101 0 1
0111100 0 1
0111101 0 1
0111100 0 1
0111101 0 1
0111100 0 1
0111101 0 1
0111100 0 1
0111101 0 1
0111100 0 1
0111101 0 1
0111100 0 1
0111101 0 1
0111100 0 1
0111101 0 1
0100100 0 1
0100101 0 1
0101000 0 1
0101001 0 1
0101100 0 1
0101101 0 1
0110000 0 1
0110001 0 1
0010000 1 1
0010001 0 1
0111000 0 1
0111001 0 1
0111000 0 1
0111001 0 1
0111000 0 1
0111001 0 1
0111000 0 1
0111001 0 1
0111000 0 1
0111001 0 1
0111000 0 1
0111001 0 1
0111000 0 1
0111001 0 1
0111000 0 1
0111001 0 1
0111000 0 1
0111001 0 1
